-6.777999999999999581e+00 -1.423999999999999932e+00 4.200000000000000178e+00
-6.878000000000000114e+00 -7.079999999999999627e-01 2.895999999999999908e+00
-5.557000000000000384e+00 -8.399999999999999689e-01 2.137999999999999901e+00
-4.639999999999999680e+00 -1.504000000000000004e+00 2.579000000000000181e+00
-5.451999999999999957e+00 -2.119999999999999940e-01 9.989999999999999991e-01
-4.189000000000000057e+00 -3.019999999999999907e-01 2.129999999999999949e-01
-3.197000000000000064e+00 7.439999999999999947e-01 7.169999999999999707e-01
-3.251999999999999780e+00 1.897999999999999909e+00 3.420000000000000262e-01
-2.286999999999999922e+00 3.489999999999999769e-01 1.560000000000000053e+00
-1.286999999999999922e+00 1.320000000000000062e+00 2.084000000000000075e+00
-3.009999999999999898e-01 1.677000000000000046e+00 9.639999999999999680e-01
4.329999999999999960e-01 8.259999999999999565e-01 5.020000000000000018e-01
-3.109999999999999987e-01 2.922000000000000153e+00 5.570000000000000506e-01
5.789999999999999591e-01 3.407000000000000028e+00 -5.130000000000000115e-01
2.001999999999999780e+00 3.580000000000000071e+00 2.100000000000000130e-02
2.943000000000000060e+00 3.737999999999999989e+00 -7.309999999999999831e-01
2.168000000000000149e+00 3.541999999999999815e+00 1.314999999999999947e+00
3.531000000000000139e+00 3.693999999999999950e+00 1.893000000000000016e+00
4.419999999999999929e+00 2.567000000000000171e+00 1.368000000000000105e+00
5.576999999999999957e+00 2.766000000000000014e+00 1.054999999999999938e+00
3.880999999999999783e+00 1.383000000000000007e+00 1.260999999999999899e+00
4.684000000000000163e+00 2.389999999999999902e-01 7.479999999999999982e-01
4.217999999999999972e+00 -1.010000000000000064e-01 -6.690000000000000391e-01
4.940999999999999837e+00 -6.870000000000000551e-01 -1.449000000000000066e+00
3.013999999999999790e+00 2.720000000000000195e-01 -1.008000000000000007e+00
2.498000000000000220e+00 -1.799999999999999864e-02 -2.375000000000000000e+00
1.780000000000000027e+00 -1.368000000000000105e+00 -2.384999999999999787e+00
1.814999999999999947e+00 -2.091000000000000192e+00 -3.362000000000000099e+00
1.127000000000000002e+00 -1.719000000000000083e+00 -1.310000000000000053e+00
4.109999999999999765e-01 -3.024999999999999911e+00 -1.274000000000000021e+00
-6.410000000000000142e-01 -3.012999999999999901e+00 -1.620000000000000051e-01
-6.330000000000000071e-01 -2.164000000000000146e+00 7.069999999999999618e-01
-1.544999999999999929e+00 -3.955000000000000071e+00 -1.839999999999999969e-01
-2.597999999999999865e+00 -4.011000000000000121e+00 8.679999999999999938e-01
-1.959999999999999964e+00 -4.394999999999999574e+00 2.205000000000000071e+00
-1.576000000000000068e+00 -5.527999999999999581e+00 2.416999999999999815e+00
-1.844000000000000083e+00 -3.460999999999999854e+00 3.108999999999999986e+00
-1.229000000000000092e+00 -3.774000000000000021e+00 4.431000000000000050e+00
-1.877000000000000002e+00 -5.030999999999999694e+00 5.014000000000000234e+00
-1.288999999999999924e+00 -6.091999999999999638e+00 4.881999999999999673e+00
-7.504999999999999893e+00 -1.770999999999999908e+00 3.408999999999999808e+00
-7.107999999999999652e+00 -5.350000000000000311e-01 2.677000000000000046e+00
-5.809999999999999609e+00 -7.880000000000000338e-01 1.909999999999999920e+00
-5.080000000000000071e+00 -1.717000000000000082e+00 2.192000000000000171e+00
-5.516000000000000014e+00 3.400000000000000244e-02 9.389999999999999458e-01
-4.264000000000000234e+00 -1.590000000000000024e-01 1.529999999999999971e-01
-3.152000000000000135e+00 7.039999999999999591e-01 7.469999999999999973e-01
-3.176000000000000156e+00 1.913999999999999924e+00 6.510000000000000231e-01
-2.176000000000000156e+00 9.199999999999999845e-02 1.358999999999999986e+00
-1.060999999999999943e+00 8.800000000000000044e-01 1.955999999999999961e+00
-1.029999999999999943e-01 1.322000000000000064e+00 8.409999999999999698e-01
5.360000000000000320e-01 4.969999999999999973e-01 2.220000000000000029e-01
-3.400000000000000244e-02 2.611000000000000210e+00 6.129999999999999893e-01
8.369999999999999662e-01 3.180000000000000160e+00 -4.289999999999999925e-01
2.287999999999999812e+00 3.233000000000000096e+00 6.099999999999999867e-02
3.217999999999999972e+00 3.178999999999999826e+00 -7.189999999999999725e-01
2.486000000000000210e+00 3.337000000000000188e+00 1.346999999999999975e+00
3.873000000000000220e+00 3.391000000000000014e+00 1.885999999999999899e+00
4.682000000000000384e+00 2.220000000000000195e+00 1.324999999999999956e+00
5.818999999999999950e+00 2.371999999999999886e+00 9.240000000000000435e-01
4.102999999999999758e+00 1.050000000000000044e+00 1.290999999999999925e+00
4.838000000000000078e+00 -1.310000000000000053e-01 7.550000000000000044e-01
4.405000000000000249e+00 -3.890000000000000124e-01 -6.889999999999999458e-01
5.089000000000000412e+00 -1.050000000000000044e+00 -1.443999999999999950e+00
3.271999999999999797e+00 1.290000000000000036e-01 -1.080000000000000071e+00
2.797000000000000153e+00 -8.799999999999999489e-02 -2.475000000000000089e+00
1.923000000000000043e+00 -1.342000000000000082e+00 -2.528999999999999915e+00
1.782999999999999918e+00 -1.969000000000000083e+00 -3.560999999999999943e+00
1.334999999999999964e+00 -1.713999999999999968e+00 -1.425999999999999934e+00
4.699999999999999734e-01 -2.927000000000000046e+00 -1.415999999999999925e+00
-4.640000000000000235e-01 -2.882000000000000117e+00 -2.059999999999999887e-01
-3.430000000000000271e-01 -2.032999999999999918e+00 6.540000000000000258e-01
-1.395000000000000018e+00 -3.793000000000000149e+00 -1.350000000000000089e-01
-2.338000000000000078e+00 -3.814999999999999947e+00 1.014000000000000012e+00
-1.582000000000000073e+00 -4.213000000000000078e+00 2.283999999999999808e+00
-1.201000000000000068e+00 -5.354000000000000092e+00 2.458000000000000185e+00
-1.362000000000000099e+00 -3.282999999999999918e+00 3.173000000000000043e+00
-6.320000000000000062e-01 -3.612999999999999989e+00 4.429999999999999716e+00
-1.635000000000000009e+00 -4.009999999999999787e+00 5.514999999999999680e+00
-1.235000000000000098e+00 -4.089999999999999858e+00 6.663999999999999702e+00
-8.147999999999999687e+00 -1.010000000000000009e+00 2.156000000000000139e+00
-7.020999999999999908e+00 -4.109999999999999765e-01 2.923999999999999932e+00
-5.708000000000000185e+00 -6.560000000000000275e-01 2.177999999999999936e+00
-4.871999999999999886e+00 -1.423999999999999932e+00 2.608999999999999986e+00
-5.520999999999999908e+00 -8.000000000000000167e-03 1.060999999999999943e+00
-4.262999999999999901e+00 -2.039999999999999869e-01 2.859999999999999765e-01
-3.165000000000000036e+00 6.909999999999999476e-01 8.609999999999999876e-01
-3.197000000000000064e+00 1.895999999999999908e+00 7.189999999999999725e-01
-2.189000000000000057e+00 1.120000000000000023e-01 1.502999999999999892e+00
-1.090000000000000080e+00 9.340000000000000524e-01 2.076999999999999957e+00
-1.769999999999999907e-01 1.413000000000000034e+00 9.409999999999999476e-01
4.729999999999999760e-01 6.119999999999999885e-01 2.999999999999999889e-01
-1.539999999999999980e-01 2.705999999999999961e+00 7.219999999999999751e-01
6.730000000000000426e-01 3.309000000000000163e+00 -3.380000000000000226e-01
2.140000000000000124e+00 3.349000000000000199e+00 9.400000000000000022e-02
3.039000000000000146e+00 3.279999999999999805e+00 -7.219999999999999751e-01
2.391999999999999904e+00 3.451000000000000068e+00 1.370000000000000107e+00
3.801000000000000156e+00 3.484999999999999876e+00 1.848000000000000087e+00
4.483999999999999986e+00 2.169000000000000039e+00 1.473000000000000087e+00
5.652999999999999581e+00 2.136000000000000121e+00 1.139000000000000012e+00
3.761000000000000121e+00 1.082999999999999963e+00 1.516999999999999904e+00
4.360999999999999766e+00 -2.310000000000000109e-01 1.155999999999999917e+00
4.067999999999999616e+00 -5.290000000000000258e-01 -3.160000000000000031e-01
4.689000000000000057e+00 -1.377000000000000002e+00 -9.250000000000000444e-01
3.123000000000000220e+00 1.640000000000000069e-01 -8.900000000000000133e-01
2.786000000000000032e+00 -7.599999999999999811e-02 -2.322000000000000064e+00
1.961000000000000076e+00 -1.358000000000000096e+00 -2.443000000000000060e+00
1.856000000000000094e+00 -1.943999999999999950e+00 -3.503000000000000114e+00
1.377999999999999892e+00 -1.800999999999999934e+00 -1.362999999999999989e+00
5.610000000000000542e-01 -3.044999999999999929e+00 -1.417000000000000037e+00
-3.770000000000000018e-01 -3.095000000000000195e+00 -2.109999999999999931e-01
-2.889999999999999791e-01 -2.290000000000000036e+00 6.939999999999999503e-01
-1.276000000000000023e+00 -4.038999999999999702e+00 -1.940000000000000058e-01
-2.222999999999999865e+00 -4.153999999999999915e+00 9.449999999999999512e-01
-1.463999999999999968e+00 -4.589999999999999858e+00 2.198999999999999844e+00
-9.749999999999999778e-01 -5.698000000000000398e+00 2.286999999999999922e+00
-1.362000000000000099e+00 -3.725999999999999979e+00 3.172000000000000153e+00
-6.340000000000000080e-01 -4.091000000000000192e+00 4.419999999999999929e+00
-1.522999999999999909e+00 -3.806000000000000050e+00 5.631999999999999673e+00
-1.860999999999999988e+00 -4.748999999999999666e+00 6.328999999999999737e+00
-6.860999999999999766e+00 2.760000000000000231e-01 3.625000000000000000e+00
-6.701999999999999957e+00 -1.086000000000000076e+00 3.040999999999999925e+00
-5.407000000000000028e+00 -1.145999999999999908e+00 2.232000000000000206e+00
-4.487000000000000099e+00 -1.866999999999999993e+00 2.567000000000000171e+00
-5.325000000000000178e+00 -3.940000000000000169e-01 1.167999999999999927e+00
-4.086999999999999744e+00 -4.109999999999999765e-01 3.410000000000000253e-01
-3.099000000000000199e+00 6.270000000000000018e-01 8.689999999999999947e-01
-3.242999999999999883e+00 1.810999999999999943e+00 6.310000000000000053e-01
-2.091000000000000192e+00 1.980000000000000093e-01 1.570999999999999952e+00
-1.092999999999999972e+00 1.167000000000000037e+00 2.097999999999999865e+00
-2.190000000000000002e-01 1.653999999999999915e+00 9.350000000000000533e-01
4.839999999999999858e-01 8.699999999999999956e-01 3.310000000000000164e-01
-2.889999999999999791e-01 2.930000000000000160e+00 6.510000000000000231e-01
4.929999999999999938e-01 3.535000000000000142e+00 -4.430000000000000049e-01
1.965000000000000080e+00 3.657000000000000028e+00 -4.000000000000000083e-02
2.849000000000000199e+00 3.633000000000000007e+00 -8.739999999999999991e-01
2.237999999999999989e+00 3.770999999999999908e+00 1.231000000000000094e+00
3.656000000000000139e+00 3.874000000000000110e+00 1.677000000000000046e+00
4.349000000000000199e+00 2.536999999999999922e+00 1.409000000000000030e+00
5.551999999999999602e+00 2.463999999999999968e+00 1.260000000000000009e+00
3.587000000000000188e+00 1.477999999999999980e+00 1.342000000000000082e+00
4.181000000000000050e+00 1.390000000000000124e-01 1.076999999999999957e+00
3.876999999999999780e+00 -2.660000000000000142e-01 -3.669999999999999929e-01
4.520999999999999908e+00 -1.127999999999999892e+00 -9.320000000000000506e-01
2.900999999999999801e+00 3.569999999999999840e-01 -9.679999999999999716e-01
2.548999999999999932e+00 1.899999999999999953e-02 -2.375000000000000000e+00
1.862999999999999989e+00 -1.346000000000000085e+00 -2.424999999999999822e+00
1.883999999999999897e+00 -2.024000000000000021e+00 -3.434000000000000163e+00
1.256000000000000005e+00 -1.762000000000000011e+00 -1.346999999999999975e+00
5.749999999999999556e-01 -3.085999999999999854e+00 -1.348999999999999977e+00
-4.440000000000000058e-01 -3.150999999999999801e+00 -2.119999999999999940e-01
-4.259999999999999898e-01 -2.350000000000000089e+00 7.019999999999999574e-01
-1.332000000000000073e+00 -4.105000000000000426e+00 -2.630000000000000115e-01
-2.354000000000000092e+00 -4.240000000000000213e+00 8.080000000000000515e-01
-1.671000000000000041e+00 -4.684000000000000163e+00 2.101999999999999869e+00
-4.600000000000000200e-01 -4.658999999999999808e+00 2.216000000000000192e+00
-2.431999999999999940e+00 -5.091999999999999638e+00 3.080000000000000071e+00
-1.818999999999999950e+00 -5.538000000000000256e+00 4.363000000000000433e+00
-2.838000000000000078e+00 -5.397000000000000242e+00 5.496000000000000441e+00
-2.649000000000000021e+00 -4.528999999999999915e+00 6.331999999999999851e+00
-8.477000000000000313e+00 -5.649999999999999467e-01 2.108000000000000096e+00
-7.445999999999999730e+00 4.440000000000000058e-01 2.482000000000000206e+00
-6.100999999999999979e+00 5.899999999999999689e-02 1.866000000000000103e+00
-5.310999999999999943e+00 -6.450000000000000178e-01 2.463999999999999968e+00
-5.834999999999999964e+00 5.150000000000000133e-01 6.730000000000000426e-01
-4.540000000000000036e+00 1.779999999999999916e-01 1.700000000000000122e-02
-3.415000000000000036e+00 9.669999999999999707e-01 6.870000000000000551e-01
-3.544000000000000039e+00 2.144000000000000128e+00 9.529999999999999583e-01
-2.314000000000000057e+00 3.260000000000000120e-01 9.639999999999999680e-01
-1.181000000000000050e+00 1.038000000000000034e+00 1.618999999999999995e+00
-1.890000000000000013e-01 1.504999999999999893e+00 5.470000000000000417e-01
4.959999999999999964e-01 6.959999999999999520e-01 -4.599999999999999922e-02
-1.360000000000000098e-01 2.795999999999999819e+00 3.300000000000000155e-01
7.690000000000000169e-01 3.390000000000000124e+00 -6.670000000000000373e-01
2.198999999999999844e+00 3.435000000000000053e+00 -1.209999999999999964e-01
3.158999999999999808e+00 3.383999999999999897e+00 -8.629999999999999893e-01
2.346999999999999975e+00 3.524000000000000021e+00 1.173999999999999932e+00
3.714999999999999858e+00 3.564999999999999947e+00 1.762000000000000011e+00
4.525000000000000355e+00 2.386000000000000121e+00 1.219999999999999973e+00
5.604000000000000092e+00 2.552000000000000046e+00 6.860000000000000542e-01
4.006999999999999673e+00 1.195999999999999952e+00 1.348999999999999977e+00
4.738000000000000433e+00 4.000000000000000083e-03 8.379999999999999671e-01
4.155000000000000249e+00 -4.050000000000000266e-01 -5.170000000000000151e-01
4.673000000000000043e+00 -1.272000000000000020e+00 -1.191999999999999948e+00
3.080000000000000071e+00 2.179999999999999993e-01 -9.240000000000000435e-01
2.464999999999999858e+00 -1.290000000000000036e-01 -2.236000000000000210e+00
1.804999999999999938e+00 -1.506000000000000005e+00 -2.149999999999999911e+00
1.776999999999999913e+00 -2.250000000000000000e+00 -3.109999999999999876e+00
1.272999999999999909e+00 -1.854999999999999982e+00 -1.010000000000000009e+00
6.169999999999999929e-01 -3.185000000000000053e+00 -8.810000000000000053e-01
-3.260000000000000120e-01 -3.190999999999999837e+00 3.210000000000000075e-01
-1.749999999999999889e-01 -2.424999999999999822e+00 1.252000000000000002e+00
-1.300000000000000044e+00 -4.057000000000000384e+00 3.009999999999999898e-01
-2.267999999999999794e+00 -4.134999999999999787e+00 1.423999999999999932e+00
-1.568999999999999950e+00 -4.677999999999999936e+00 2.673000000000000043e+00
-1.866999999999999993e+00 -4.283000000000000362e+00 3.783999999999999808e+00
-6.470000000000000195e-01 -5.583999999999999631e+00 2.501999999999999780e+00
6.600000000000000311e-02 -6.155000000000000249e+00 3.681000000000000050e+00
1.342999999999999972e+00 -5.358999999999999986e+00 3.947000000000000064e+00
2.107000000000000206e+00 -5.171999999999999709e+00 3.013999999999999790e+00
-7.517000000000000348e+00 -1.683999999999999941e+00 3.678999999999999826e+00
-7.240000000000000213e+00 -5.350000000000000311e-01 2.770000000000000018e+00
-5.868000000000000327e+00 -7.189999999999999725e-01 2.116999999999999993e+00
-4.998000000000000220e+00 -1.375999999999999890e+00 2.652000000000000135e+00
-5.669999999999999929e+00 -1.409999999999999865e-01 9.639999999999999680e-01
-4.355000000000000426e+00 -2.810000000000000275e-01 2.770000000000000240e-01
-3.299999999999999822e+00 5.360000000000000320e-01 1.022000000000000020e+00
-3.612000000000000099e+00 1.356999999999999984e+00 1.860000000000000098e+00
-2.051000000000000156e+00 3.200000000000000067e-01 7.169999999999999707e-01
-9.729999999999999760e-01 1.084000000000000075e+00 1.401999999999999913e+00
-6.700000000000000400e-02 1.727999999999999980e+00 3.439999999999999725e-01
6.219999999999999973e-01 1.032999999999999918e+00 -3.729999999999999982e-01
-9.800000000000000377e-02 3.033999999999999808e+00 2.700000000000000178e-01
7.149999999999999689e-01 3.785000000000000142e+00 -7.029999999999999583e-01
2.169999999999999929e+00 3.883000000000000007e+00 -2.330000000000000127e-01
3.089999999999999858e+00 3.806999999999999940e+00 -1.022999999999999909e+00
2.388999999999999790e+00 4.043000000000000149e+00 1.044000000000000039e+00
3.786999999999999922e+00 4.136000000000000121e+00 1.550000000000000044e+00
4.517000000000000348e+00 2.830999999999999961e+00 1.231000000000000094e+00
5.618000000000000327e+00 2.830999999999999961e+00 7.169999999999999707e-01
3.904999999999999805e+00 1.717000000000000082e+00 1.524999999999999911e+00
4.551000000000000156e+00 4.079999999999999738e-01 1.231000000000000094e+00
4.344999999999999751e+00 7.399999999999999634e-02 -2.459999999999999964e-01
5.285000000000000142e+00 -2.900000000000000147e-02 -1.010000000000000009e+00
3.116000000000000103e+00 -8.699999999999999400e-02 -6.530000000000000249e-01
2.831999999999999851e+00 -4.060000000000000275e-01 -2.080999999999999961e+00
1.947999999999999954e+00 -1.653000000000000025e+00 -2.173000000000000043e+00
1.923999999999999932e+00 -2.331999999999999851e+00 -3.180000000000000160e+00
1.219000000000000083e+00 -1.963999999999999968e+00 -1.131999999999999895e+00
3.430000000000000271e-01 -3.169999999999999929e+00 -1.173000000000000043e+00
-7.349999999999999867e-01 -3.069999999999999840e+00 -9.600000000000000200e-02
-7.209999999999999742e-01 -2.185000000000000053e+00 7.369999999999999885e-01
-1.671000000000000041e+00 -3.976999999999999869e+00 -1.100000000000000006e-01
-2.758000000000000007e+00 -3.959999999999999964e+00 9.010000000000000231e-01
-2.185000000000000053e+00 -4.304000000000000270e+00 2.275999999999999801e+00
-2.517999999999999794e+00 -3.689000000000000057e+00 3.270000000000000018e+00
-1.328000000000000069e+00 -5.282000000000000028e+00 2.338000000000000078e+00
-7.309999999999999831e-01 -5.671000000000000263e+00 3.648000000000000131e+00
-1.252000000000000002e+00 -7.049000000000000377e+00 4.059999999999999609e+00
-9.060000000000000275e-01 -8.013999999999999346e+00 3.399999999999999911e+00
-7.985999999999999766e+00 -1.100999999999999979e+00 2.217000000000000082e+00
-6.815999999999999837e+00 -8.050000000000000488e-01 3.091000000000000192e+00
-5.522999999999999687e+00 -1.000000000000000000e+00 2.298999999999999932e+00
-4.836000000000000298e+00 -1.991000000000000103e+00 2.450000000000000178e+00
-5.184000000000000163e+00 -6.500000000000000222e-02 1.453999999999999959e+00
-3.934000000000000163e+00 -2.030000000000000138e-01 6.560000000000000275e-01
-2.951000000000000068e+00 9.010000000000000231e-01 1.048999999999999932e+00
-3.116000000000000103e+00 2.049999999999999822e+00 6.909999999999999476e-01
-1.927000000000000046e+00 5.610000000000000542e-01 1.780000000000000027e+00
-9.320000000000000506e-01 1.590000000000000080e+00 2.189999999999999947e+00
-7.000000000000000146e-03 1.897000000000000020e+00 1.004000000000000004e+00
7.379999999999999893e-01 1.040000000000000036e+00 5.709999999999999520e-01
-8.300000000000000433e-02 3.108999999999999986e+00 5.080000000000000071e-01
7.409999999999999920e-01 3.544999999999999929e+00 -6.330000000000000071e-01
2.173999999999999932e+00 3.829000000000000181e+00 -1.759999999999999898e-01
3.104000000000000092e+00 3.793000000000000149e+00 -9.579999999999999627e-01
2.359999999999999876e+00 4.105999999999999872e+00 1.086000000000000076e+00
3.734999999999999876e+00 4.384999999999999787e+00 1.588999999999999968e+00
4.653999999999999915e+00 3.225999999999999979e+00 1.205000000000000071e+00
5.852000000000000313e+00 3.384999999999999787e+00 1.076999999999999957e+00
4.099999999999999645e+00 2.060000000000000053e+00 1.018000000000000016e+00
4.935999999999999943e+00 8.880000000000000115e-01 6.380000000000000115e-01
4.447000000000000064e+00 3.320000000000000173e-01 -6.999999999999999556e-01
5.208999999999999631e+00 1.700000000000000122e-01 -1.631999999999999895e+00
3.177999999999999936e+00 4.000000000000000083e-02 -8.030000000000000471e-01
2.638999999999999790e+00 -5.030000000000000027e-01 -2.081999999999999851e+00
2.261000000000000121e+00 -1.973000000000000087e+00 -1.895000000000000018e+00
2.817000000000000171e+00 -2.851999999999999869e+00 -2.523000000000000131e+00
1.316999999999999948e+00 -2.249000000000000110e+00 -1.034999999999999920e+00
9.070000000000000284e-01 -3.664000000000000146e+00 -8.120000000000000551e-01
-5.580000000000000515e-01 -3.720000000000000195e+00 -4.069999999999999729e-01
-1.078999999999999959e+00 -2.829000000000000181e+00 2.330000000000000127e-01
-1.225000000000000089e+00 -4.767999999999999794e+00 -7.920000000000000373e-01
-2.654999999999999805e+00 -4.902999999999999581e+00 -4.580000000000000182e-01
-2.809000000000000163e+00 -5.328000000000000291e+00 1.004000000000000004e+00
-3.861000000000000210e+00 -5.179999999999999716e+00 1.594999999999999973e+00
-1.770999999999999908e+00 -5.857000000000000206e+00 1.590999999999999970e+00
-1.860000000000000098e+00 -6.291999999999999815e+00 3.012999999999999901e+00
-2.302000000000000046e+00 -5.113000000000000433e+00 3.882000000000000117e+00
-1.435999999999999943e+00 -4.424999999999999822e+00 4.395999999999999908e+00
-6.985999999999999766e+00 1.002999999999999892e+00 3.358999999999999986e+00
-6.740000000000000213e+00 -4.359999999999999987e-01 3.052999999999999936e+00
-5.453000000000000291e+00 -5.749999999999999556e-01 2.240000000000000213e+00
-4.472000000000000419e+00 -1.122999999999999998e+00 2.701999999999999957e+00
-5.445999999999999730e+00 -8.500000000000000611e-02 1.032000000000000028e+00
-4.221000000000000085e+00 -1.930000000000000049e-01 1.910000000000000031e-01
-3.136000000000000121e+00 7.329999999999999849e-01 7.419999999999999929e-01
-3.289000000000000146e+00 1.939000000000000057e+00 7.680000000000000160e-01
-2.036999999999999922e+00 1.819999999999999951e-01 1.177000000000000046e+00
-9.399999999999999467e-01 1.032000000000000028e+00 1.717999999999999972e+00
-1.229999999999999982e-01 1.602000000000000091e+00 5.500000000000000444e-01
5.150000000000000133e-01 8.599999999999999867e-01 -1.690000000000000113e-01
-1.670000000000000095e-01 2.902000000000000135e+00 3.900000000000000133e-01
5.629999999999999449e-01 3.589999999999999858e+00 -6.889999999999999458e-01
2.048999999999999932e+00 3.716000000000000192e+00 -3.360000000000000209e-01
2.907000000000000028e+00 3.661999999999999922e+00 -1.193999999999999950e+00
2.358999999999999986e+00 3.886000000000000121e+00 9.200000000000000400e-01
3.789000000000000146e+00 4.014000000000000234e+00 1.322000000000000064e+00
4.498000000000000220e+00 2.674999999999999822e+00 1.110999999999999988e+00
5.498999999999999666e+00 2.592999999999999972e+00 4.269999999999999907e-01
3.984999999999999876e+00 1.625000000000000000e+00 1.691000000000000059e+00
4.626999999999999780e+00 2.919999999999999818e-01 1.518999999999999906e+00
4.208000000000000185e+00 -2.969999999999999862e-01 1.710000000000000131e-01
4.871999999999999886e+00 -1.155000000000000027e+00 -3.780000000000000027e-01
3.112000000000000099e+00 1.610000000000000042e-01 -3.679999999999999938e-01
2.645999999999999908e+00 -3.649999999999999911e-01 -1.681000000000000050e+00
2.326000000000000068e+00 -1.854999999999999982e+00 -1.558000000000000052e+00
2.896999999999999797e+00 -2.681000000000000050e+00 -2.244000000000000217e+00
1.415000000000000036e+00 -2.209000000000000075e+00 -6.919999999999999485e-01
1.062999999999999945e+00 -3.648000000000000131e+00 -5.340000000000000302e-01
-4.199999999999999845e-01 -3.781000000000000139e+00 -2.200000000000000011e-01
-1.024000000000000021e+00 -2.912999999999999812e+00 3.770000000000000018e-01
-1.014000000000000012e+00 -4.863999999999999879e+00 -6.320000000000000062e-01
-2.452999999999999847e+00 -5.057999999999999829e+00 -3.770000000000000018e-01
-2.656000000000000139e+00 -5.716999999999999638e+00 9.899999999999999911e-01
-3.516999999999999904e+00 -6.556000000000000050e+00 1.161999999999999922e+00
-1.870000000000000107e+00 -5.344999999999999751e+00 1.961999999999999966e+00
-2.020000000000000018e+00 -5.953999999999999737e+00 3.314999999999999947e+00
-1.022000000000000020e+00 -7.102000000000000313e+00 3.475000000000000089e+00
-3.400000000000000244e-01 -7.405999999999999694e+00 2.509999999999999787e+00
-6.774000000000000021e+00 -3.000000000000000062e-03 4.195000000000000284e+00
-6.972999999999999865e+00 -9.199999999999999845e-02 2.720000000000000195e+00
-5.636000000000000121e+00 -3.860000000000000098e-01 2.040000000000000036e+00
-4.820999999999999730e+00 -1.131000000000000005e+00 2.547000000000000153e+00
-5.402000000000000135e+00 1.930000000000000049e-01 8.950000000000000178e-01
-4.115999999999999659e+00 -5.399999999999999939e-02 1.829999999999999960e-01
-3.064000000000000057e+00 9.449999999999999512e-01 6.670000000000000373e-01
-3.133000000000000007e+00 2.121999999999999886e+00 3.760000000000000009e-01
-2.088000000000000078e+00 4.839999999999999858e-01 1.401999999999999913e+00
-1.030999999999999917e+00 1.407999999999999918e+00 1.899000000000000021e+00
-1.120000000000000023e-01 1.800000000000000044e+00 7.329999999999999849e-01
5.829999999999999627e-01 9.619999999999999662e-01 1.960000000000000075e-01
-1.370000000000000107e-01 3.060000000000000053e+00 3.719999999999999973e-01
6.889999999999999458e-01 3.580000000000000071e+00 -7.339999999999999858e-01
2.140000000000000124e+00 3.766000000000000014e+00 -2.800000000000000266e-01
3.059000000000000163e+00 3.709000000000000075e+00 -1.072999999999999954e+00
2.357000000000000206e+00 3.986000000000000210e+00 9.869999999999999885e-01
3.750999999999999890e+00 4.174000000000000377e+00 1.479999999999999982e+00
4.612000000000000099e+00 2.991000000000000103e+00 1.030000000000000027e+00
5.615999999999999659e+00 3.158999999999999808e+00 3.659999999999999920e-01
4.227000000000000313e+00 1.792000000000000037e+00 1.379999999999999893e+00
5.022999999999999687e+00 6.029999999999999805e-01 9.639999999999999680e-01
4.487000000000000099e+00 7.399999999999999634e-02 -3.679999999999999938e-01
5.232999999999999652e+00 -3.509999999999999787e-01 -1.225999999999999979e+00
3.193999999999999950e+00 9.400000000000000022e-02 -5.440000000000000391e-01
2.604000000000000092e+00 -4.089999999999999747e-01 -1.816000000000000059e+00
2.245999999999999996e+00 -1.887999999999999901e+00 -1.659999999999999920e+00
2.841000000000000192e+00 -2.749000000000000110e+00 -2.275999999999999801e+00
1.278000000000000025e+00 -2.189000000000000057e+00 -8.379999999999999671e-01
8.840000000000000080e-01 -3.612999999999999989e+00 -6.420000000000000151e-01
-5.929999999999999716e-01 -3.694999999999999840e+00 -2.879999999999999782e-01
-1.167000000000000037e+00 -2.778999999999999915e+00 2.670000000000000151e-01
-1.215999999999999970e+00 -4.788000000000000256e+00 -6.209999999999999964e-01
-2.653999999999999915e+00 -4.937999999999999723e+00 -3.270000000000000129e-01
-2.843999999999999861e+00 -5.400999999999999801e+00 1.116999999999999993e+00
-3.525999999999999801e+00 -4.769999999999999574e+00 1.899000000000000021e+00
-2.244000000000000217e+00 -6.500000000000000000e+00 1.475000000000000089e+00
-2.387000000000000011e+00 -7.009999999999999787e+00 2.867999999999999883e+00
-1.006000000000000005e+00 -7.346000000000000085e+00 3.435000000000000053e+00
-7.910000000000000364e-01 -7.089999999999999858e+00 4.608999999999999986e+00
-6.551999999999999602e+00 3.790000000000000036e-01 4.052999999999999936e+00
-6.778999999999999915e+00 -1.950000000000000067e-01 2.697000000000000064e+00
-5.443999999999999950e+00 -3.099999999999999978e-01 1.959999999999999964e+00
-4.448000000000000398e+00 -7.229999999999999760e-01 2.520000000000000018e+00
-5.413999999999999702e+00 5.500000000000000028e-02 7.069999999999999618e-01
-4.142999999999999794e+00 -3.400000000000000244e-02 -6.500000000000000222e-02
-3.119000000000000217e+00 9.389999999999999458e-01 5.200000000000000178e-01
-3.334000000000000075e+00 2.133999999999999897e+00 5.580000000000000515e-01
-2.001999999999999780e+00 4.369999999999999996e-01 9.739999999999999769e-01
-9.639999999999999680e-01 1.332999999999999963e+00 1.554000000000000048e+00
-9.800000000000000377e-02 1.903000000000000025e+00 4.229999999999999871e-01
6.129999999999999893e-01 1.169000000000000039e+00 -2.320000000000000118e-01
-1.809999999999999942e-01 3.196000000000000174e+00 2.240000000000000047e-01
5.919999999999999707e-01 3.883000000000000007e+00 -8.249999999999999556e-01
2.045999999999999819e+00 4.067000000000000171e+00 -3.830000000000000071e-01
2.908999999999999808e+00 4.394999999999999574e+00 -1.173999999999999932e+00
2.325000000000000178e+00 3.854000000000000092e+00 8.729999999999999982e-01
3.722999999999999865e+00 4.014999999999999680e+00 1.364000000000000101e+00
4.504999999999999893e+00 2.724000000000000199e+00 1.104000000000000092e+00
5.565000000000000391e+00 2.738999999999999879e+00 5.100000000000000089e-01
3.990000000000000213e+00 1.606999999999999984e+00 1.540999999999999925e+00
4.703000000000000291e+00 3.180000000000000049e-01 1.314999999999999947e+00
4.365000000000000213e+00 -2.119999999999999940e-01 -8.100000000000000255e-02
5.232000000000000206e+00 -6.260000000000000009e-01 -8.249999999999999556e-01
3.111000000000000210e+00 -1.990000000000000102e-01 -4.440000000000000058e-01
2.721000000000000085e+00 -6.979999999999999538e-01 -1.792999999999999927e+00
2.411000000000000032e+00 -2.194999999999999840e+00 -1.721999999999999975e+00
3.064000000000000057e+00 -3.004000000000000004e+00 -2.351999999999999869e+00
1.417000000000000037e+00 -2.571000000000000174e+00 -9.639999999999999680e-01
1.064999999999999947e+00 -4.016000000000000014e+00 -8.599999999999999867e-01
-3.760000000000000009e-01 -4.160999999999999588e+00 -3.950000000000000178e-01
-9.230000000000000426e-01 -3.294000000000000039e+00 2.580000000000000071e-01
-9.979999999999999982e-01 -5.251000000000000334e+00 -7.359999999999999876e-01
-2.400999999999999801e+00 -5.456000000000000405e+00 -3.290000000000000147e-01
-2.448999999999999844e+00 -6.246000000000000441e+00 9.809999999999999831e-01
-2.508000000000000007e+00 -7.458999999999999631e+00 9.829999999999999849e-01
-2.422000000000000153e+00 -5.567000000000000171e+00 2.095000000000000195e+00
-2.464999999999999858e+00 -6.280999999999999694e+00 3.403000000000000025e+00
-1.280999999999999917e+00 -7.245000000000000107e+00 3.500000000000000000e+00
-1.377000000000000002e+00 -8.198000000000000398e+00 4.254999999999999893e+00
-6.461000000000000298e+00 -2.449999999999999956e-01 4.442999999999999616e+00
-6.701999999999999957e+00 -2.000000000000000111e-01 2.974000000000000199e+00
-5.366999999999999993e+00 -2.770000000000000240e-01 2.233000000000000096e+00
-4.355000000000000426e+00 -6.500000000000000222e-01 2.791999999999999815e+00
-5.355999999999999872e+00 7.000000000000000666e-02 9.749999999999999778e-01
-4.086000000000000298e+00 1.400000000000000029e-02 1.960000000000000075e-01
-3.156000000000000139e+00 1.141000000000000014e+00 6.470000000000000195e-01
-3.334999999999999964e+00 2.289000000000000146e+00 2.929999999999999827e-01
-2.158999999999999808e+00 8.179999999999999494e-01 1.421999999999999931e+00
-1.211999999999999966e+00 1.866999999999999993e+00 1.893000000000000016e+00
-1.390000000000000124e-01 2.095000000000000195e+00 8.209999999999999520e-01
6.079999999999999849e-01 1.189999999999999947e+00 5.030000000000000027e-01
-8.799999999999999489e-02 3.293000000000000149e+00 2.929999999999999827e-01
8.930000000000000160e-01 3.653999999999999915e+00 -7.449999999999999956e-01
2.269000000000000128e+00 3.882000000000000117e+00 -1.160000000000000059e-01
3.278999999999999915e+00 3.890000000000000124e+00 -7.930000000000000382e-01
2.318000000000000060e+00 4.059000000000000163e+00 1.175000000000000044e+00
3.629999999999999893e+00 4.275999999999999801e+00 1.846999999999999975e+00
4.416000000000000369e+00 2.963999999999999968e+00 1.836000000000000076e+00
5.612000000000000099e+00 2.942000000000000171e+00 2.049999999999999822e+00
3.749000000000000110e+00 1.870999999999999996e+00 1.584000000000000075e+00
4.448000000000000398e+00 5.560000000000000497e-01 1.552999999999999936e+00
4.357000000000000206e+00 -3.099999999999999978e-02 1.429999999999999882e-01
5.352999999999999758e+00 -3.689999999999999947e-01 -4.650000000000000244e-01
3.168000000000000149e+00 -1.519999999999999962e-01 -3.830000000000000071e-01
3.011000000000000121e+00 -7.139999999999999680e-01 -1.754999999999999893e+00
2.584000000000000075e+00 -2.181999999999999940e+00 -1.669000000000000039e+00
3.197999999999999954e+00 -3.051000000000000156e+00 -2.255999999999999783e+00
1.536000000000000032e+00 -2.466000000000000192e+00 -9.439999999999999503e-01
1.072000000000000064e+00 -3.879000000000000004e+00 -8.269999999999999574e-01
-3.850000000000000089e-01 -3.910000000000000142e+00 -3.950000000000000178e-01
-8.800000000000000044e-01 -3.005999999999999783e+00 2.479999999999999982e-01
-1.080000000000000071e+00 -4.948999999999999844e+00 -7.580000000000000071e-01
-2.504000000000000004e+00 -5.054999999999999716e+00 -3.920000000000000151e-01
-2.633999999999999897e+00 -5.642000000000000348e+00 1.012999999999999901e+00
-2.960999999999999854e+00 -4.951999999999999957e+00 1.957999999999999963e+00
-2.379999999999999893e+00 -6.910000000000000142e+00 1.153999999999999915e+00
-2.484999999999999876e+00 -7.548000000000000043e+00 2.496999999999999886e+00
-1.084999999999999964e+00 -7.871999999999999886e+00 3.020000000000000018e+00
-9.729999999999999760e-01 -8.771000000000000796e+00 3.837000000000000188e+00
-6.929000000000000270e+00 5.220000000000000195e-01 3.662999999999999812e+00
-6.783000000000000362e+00 -8.459999999999999742e-01 3.088999999999999968e+00
-5.451999999999999957e+00 -9.499999999999999556e-01 2.341000000000000192e+00
-4.549000000000000377e+00 -1.645000000000000018e+00 2.759999999999999787e+00
-5.322000000000000064e+00 -2.630000000000000115e-01 1.239000000000000101e+00
-4.048000000000000043e+00 -3.270000000000000129e-01 4.689999999999999725e-01
-3.071000000000000174e+00 7.189999999999999725e-01 1.008000000000000007e+00
-3.391000000000000014e+00 1.887000000000000011e+00 1.112999999999999989e+00
-1.879000000000000004e+00 3.089999999999999969e-01 1.348000000000000087e+00
-8.780000000000000027e-01 1.278000000000000025e+00 1.877999999999999892e+00
-7.900000000000000078e-02 1.870000000000000107e+00 7.089999999999999636e-01
6.550000000000000266e-01 1.161999999999999922e+00 5.000000000000000278e-02
-2.429999999999999938e-01 3.149999999999999911e+00 4.829999999999999849e-01
4.580000000000000182e-01 3.854000000000000092e+00 -6.049999999999999822e-01
1.909999999999999920e+00 4.134000000000000341e+00 -2.109999999999999931e-01
2.717000000000000082e+00 4.541999999999999815e+00 -1.024000000000000021e+00
2.250999999999999890e+00 3.915000000000000036e+00 1.030000000000000027e+00
3.652000000000000135e+00 4.165000000000000036e+00 1.469999999999999973e+00
4.525000000000000355e+00 2.970000000000000195e+00 1.084999999999999964e+00
5.506000000000000227e+00 3.105999999999999872e+00 3.820000000000000062e-01
4.174999999999999822e+00 1.798000000000000043e+00 1.540999999999999925e+00
4.985000000000000320e+00 5.939999999999999725e-01 1.199999999999999956e+00
4.524000000000000021e+00 3.400000000000000244e-02 -1.479999999999999927e-01
5.325000000000000178e+00 -2.959999999999999853e-01 -9.989999999999999991e-01
3.240000000000000213e+00 -7.099999999999999367e-02 -3.499999999999999778e-01
2.730999999999999872e+00 -6.079999999999999849e-01 -1.643000000000000016e+00
2.414000000000000146e+00 -2.096999999999999975e+00 -1.491999999999999993e+00
3.107000000000000206e+00 -2.944999999999999840e+00 -2.015000000000000124e+00
1.368000000000000105e+00 -2.420999999999999819e+00 -7.810000000000000275e-01
1.006000000000000005e+00 -3.854000000000000092e+00 -5.979999999999999760e-01
-4.849999999999999867e-01 -3.978000000000000203e+00 -3.290000000000000147e-01
-1.114999999999999991e+00 -3.073999999999999844e+00 1.839999999999999969e-01
-1.056999999999999940e+00 -5.089999999999999858e+00 -6.830000000000000515e-01
-2.503000000000000114e+00 -5.275000000000000355e+00 -4.630000000000000226e-01
-2.738999999999999879e+00 -5.966999999999999638e+00 8.810000000000000053e-01
-3.342999999999999972e+00 -7.019000000000000128e+00 9.519999999999999574e-01
-2.265000000000000124e+00 -5.384000000000000341e+00 1.949000000000000066e+00
-2.459000000000000075e+00 -6.008000000000000007e+00 3.287999999999999812e+00
-3.898000000000000131e+00 -6.511000000000000121e+00 3.415999999999999925e+00
-4.801999999999999602e+00 -5.738999999999999879e+00 3.141000000000000014e+00
-6.394000000000000128e+00 -5.889999999999999680e-01 4.538999999999999702e+00
-6.769999999999999574e+00 -8.960000000000000187e-01 3.129999999999999893e+00
-5.506999999999999673e+00 -9.829999999999999849e-01 2.271999999999999797e+00
-4.714000000000000412e+00 -1.893000000000000016e+00 2.408999999999999808e+00
-5.312999999999999723e+00 -4.299999999999999656e-02 1.387999999999999901e+00
-4.099999999999999645e+00 -7.499999999999999722e-02 5.230000000000000204e-01
-3.112000000000000099e+00 9.979999999999999982e-01 9.869999999999999885e-01
-3.354000000000000092e+00 2.181000000000000050e+00 8.469999999999999751e-01
-1.999000000000000110e+00 5.939999999999999725e-01 1.536000000000000032e+00
-9.939999999999999947e-01 1.588000000000000078e+00 2.005999999999999783e+00
4.499999999999999833e-02 1.818999999999999950e+00 9.010000000000000231e-01
7.369999999999999885e-01 9.010000000000000231e-01 5.100000000000000089e-01
1.280000000000000027e-01 3.039000000000000146e+00 4.269999999999999907e-01
1.080999999999999961e+00 3.407999999999999918e+00 -6.350000000000000089e-01
2.488999999999999879e+00 3.573999999999999844e+00 -5.299999999999999850e-02
3.475000000000000089e+00 3.463000000000000078e+00 -7.530000000000000027e-01
2.588000000000000078e+00 3.837000000000000188e+00 1.221999999999999975e+00
3.931999999999999940e+00 4.006000000000000227e+00 1.844999999999999973e+00
4.799000000000000377e+00 2.786999999999999922e+00 1.524999999999999911e+00
6.011000000000000121e+00 2.841000000000000192e+00 1.586999999999999966e+00
4.185999999999999943e+00 1.685999999999999943e+00 1.183999999999999941e+00
4.972999999999999865e+00 4.650000000000000244e-01 8.599999999999999867e-01
4.509000000000000341e+00 -9.199999999999999845e-02 -4.879999999999999893e-01
5.307000000000000384e+00 -4.089999999999999747e-01 -1.348000000000000087e+00
3.222999999999999865e+00 -2.069999999999999896e-01 -6.800000000000000488e-01
2.705999999999999961e+00 -7.369999999999999885e-01 -1.973000000000000087e+00
2.334999999999999964e+00 -2.212000000000000188e+00 -1.816000000000000059e+00
2.930000000000000160e+00 -3.079000000000000181e+00 -2.424999999999999822e+00
1.352999999999999980e+00 -2.508000000000000007e+00 -1.008000000000000007e+00
9.479999999999999538e-01 -3.930000000000000160e+00 -8.239999999999999547e-01
-5.430000000000000382e-01 -4.009000000000000341e+00 -5.310000000000000275e-01
-1.133000000000000007e+00 -3.100000000000000089e+00 1.700000000000000122e-02
-1.159999999999999920e+00 -5.091000000000000192e+00 -9.110000000000000320e-01
-2.608000000000000096e+00 -5.233999999999999986e+00 -6.760000000000000453e-01
-2.853000000000000203e+00 -5.905999999999999694e+00 6.770000000000000462e-01
-3.696000000000000174e+00 -6.772999999999999687e+00 8.080000000000000515e-01
-2.125000000000000000e+00 -5.514000000000000234e+00 1.687000000000000055e+00
-2.318999999999999950e+00 -6.131000000000000227e+00 3.029999999999999805e+00
-1.586999999999999966e+00 -5.301000000000000156e+00 4.084999999999999964e+00
-1.752999999999999892e+00 -4.091000000000000192e+00 4.078000000000000291e+00
-6.932999999999999829e+00 -2.929999999999999827e-01 3.349000000000000199e+00
-6.222000000000000419e+00 -1.602000000000000091e+00 3.402000000000000135e+00
-4.977999999999999758e+00 -1.542999999999999927e+00 2.513999999999999790e+00
-4.049999999999999822e+00 -2.311999999999999833e+00 2.677000000000000046e+00
-4.948999999999999844e+00 -6.380000000000000115e-01 1.576999999999999957e+00
-3.763999999999999790e+00 -5.310000000000000275e-01 6.800000000000000488e-01
-2.862999999999999989e+00 6.079999999999999849e-01 1.159000000000000030e+00
-3.262999999999999901e+00 1.754000000000000004e+00 1.201000000000000068e+00
-1.645999999999999908e+00 3.029999999999999916e-01 1.516999999999999904e+00
-7.209999999999999742e-01 1.368000000000000105e+00 1.989000000000000101e+00
9.700000000000000289e-02 1.893999999999999906e+00 8.010000000000000453e-01
8.439999999999999725e-01 1.151000000000000023e+00 1.960000000000000075e-01
-6.500000000000000222e-02 3.160000000000000142e+00 5.000000000000000000e-01
6.530000000000000249e-01 3.803999999999999826e+00 -6.139999999999999902e-01
2.104999999999999982e+00 4.086999999999999744e+00 -2.159999999999999976e-01
2.972999999999999865e+00 4.229000000000000092e+00 -1.052999999999999936e+00
2.371999999999999886e+00 4.163999999999999702e+00 1.058000000000000052e+00
3.766000000000000014e+00 4.432999999999999829e+00 1.512000000000000011e+00
4.650999999999999801e+00 3.240000000000000213e+00 1.145999999999999908e+00
5.753000000000000114e+00 3.398000000000000131e+00 6.610000000000000320e-01
4.174000000000000377e+00 2.047000000000000153e+00 1.372000000000000108e+00
4.982000000000000206e+00 8.419999999999999707e-01 1.034999999999999920e+00
4.458999999999999631e+00 2.330000000000000127e-01 -2.670000000000000151e-01
5.182999999999999829e+00 9.199999999999999845e-02 -1.233000000000000096e+00
3.205000000000000071e+00 -1.280000000000000027e-01 -3.019999999999999907e-01
2.633999999999999897e+00 -7.249999999999999778e-01 -1.542999999999999927e+00
2.204000000000000181e+00 -2.168000000000000149e+00 -1.270000000000000018e+00
2.899999999999999911e+00 -3.105999999999999872e+00 -1.604000000000000092e+00
1.058000000000000052e+00 -2.354999999999999982e+00 -6.710000000000000409e-01
5.879999999999999671e-01 -3.741000000000000103e+00 -3.850000000000000089e-01
-9.310000000000000497e-01 -3.766000000000000014e+00 -3.079999999999999960e-01
-1.568000000000000060e+00 -2.801000000000000156e+00 6.700000000000000400e-02
-1.514000000000000012e+00 -4.868999999999999773e+00 -6.760000000000000453e-01
-2.983999999999999986e+00 -4.979000000000000092e+00 -6.470000000000000195e-01
-3.443999999999999950e+00 -5.469000000000000306e+00 7.289999999999999813e-01
-4.599999999999999645e+00 -5.780999999999999694e+00 9.330000000000000515e-01
-2.547000000000000153e+00 -5.541000000000000369e+00 1.673999999999999932e+00
-2.935000000000000053e+00 -6.011000000000000121e+00 3.032999999999999918e+00
-1.681999999999999940e+00 -6.176999999999999602e+00 3.895000000000000018e+00
-7.249999999999999778e-01 -5.458999999999999631e+00 3.657000000000000028e+00
-5.959999999999999964e+00 -1.171000000000000041e+00 4.322000000000000064e+00
-6.282000000000000028e+00 -1.221000000000000085e+00 2.866999999999999993e+00
-4.985999999999999766e+00 -1.237999999999999989e+00 2.056000000000000050e+00
-4.073000000000000398e+00 -1.987000000000000099e+00 2.342999999999999972e+00
-4.895999999999999908e+00 -4.179999999999999827e-01 1.044000000000000039e+00
-3.657000000000000028e+00 -3.880000000000000115e-01 2.159999999999999976e-01
-2.714999999999999858e+00 6.919999999999999485e-01 7.469999999999999973e-01
-2.975000000000000089e+00 1.872000000000000108e+00 6.209999999999999964e-01
-1.620000000000000107e+00 3.009999999999999898e-01 1.334999999999999964e+00
-6.640000000000000346e-01 1.310999999999999943e+00 1.864999999999999991e+00
7.000000000000000666e-02 1.969999999999999973e+00 6.899999999999999467e-01
8.110000000000000542e-01 1.314000000000000057e+00 -1.400000000000000029e-02
-1.529999999999999971e-01 3.248000000000000220e+00 5.080000000000000071e-01
4.829999999999999849e-01 4.009000000000000341e+00 -5.809999999999999609e-01
1.947999999999999954e+00 4.293999999999999595e+00 -2.399999999999999911e-01
2.713999999999999968e+00 4.733999999999999986e+00 -1.072999999999999954e+00
2.345000000000000195e+00 4.033000000000000362e+00 9.749999999999999778e-01
3.762999999999999901e+00 4.274000000000000021e+00 1.364000000000000101e+00
4.610000000000000320e+00 3.095000000000000195e+00 8.880000000000000115e-01
5.708999999999999631e+00 3.259999999999999787e+00 3.960000000000000187e-01
4.097999999999999865e+00 1.901999999999999913e+00 1.024000000000000021e+00
4.857000000000000206e+00 7.029999999999999583e-01 5.719999999999999529e-01
4.142000000000000348e+00 9.199999999999999845e-02 -6.340000000000000080e-01
4.730999999999999872e+00 -1.310000000000000053e-01 -1.671999999999999931e+00
2.870999999999999996e+00 -1.719999999999999862e-01 -5.030000000000000027e-01
2.107000000000000206e+00 -7.620000000000000107e-01 -1.637000000000000011e+00
1.852999999999999980e+00 -2.245000000000000107e+00 -1.368000000000000105e+00
2.591000000000000192e+00 -3.099000000000000199e+00 -1.814000000000000057e+00
8.139999999999999458e-01 -2.559000000000000163e+00 -6.420000000000000151e-01
5.240000000000000213e-01 -3.991000000000000103e+00 -3.529999999999999805e-01
-9.340000000000000524e-01 -4.153999999999999915e+00 6.199999999999999956e-02
-1.459999999999999964e+00 -3.399000000000000021e+00 8.539999999999999813e-01
-1.588999999999999968e+00 -5.141000000000000014e+00 -4.779999999999999805e-01
-3.007000000000000117e+00 -5.371999999999999886e+00 -1.370000000000000107e-01
-3.100999999999999979e+00 -6.078999999999999737e+00 1.217000000000000082e+00
-3.125999999999999890e+00 -7.290000000000000036e+00 1.296999999999999931e+00
-3.152000000000000135e+00 -5.326999999999999957e+00 2.283999999999999808e+00
-3.241999999999999993e+00 -5.951999999999999957e+00 3.633999999999999897e+00
-3.555000000000000160e+00 -4.876000000000000334e+00 4.674999999999999822e+00
-4.596000000000000085e+00 -4.974999999999999645e+00 5.304000000000000270e+00
-6.926000000000000156e+00 -6.009999999999999787e-01 3.910000000000000142e+00
-7.032000000000000028e+00 -3.280000000000000138e-01 2.447999999999999954e+00
-5.645999999999999908e+00 -4.199999999999999845e-01 1.808000000000000052e+00
-4.743999999999999773e+00 -1.032000000000000028e+00 2.342999999999999972e+00
-5.469000000000000306e+00 1.869999999999999996e-01 6.660000000000000364e-01
-4.142000000000000348e+00 1.360000000000000098e-01 -8.000000000000000167e-03
-3.193999999999999950e+00 1.135000000000000009e+00 6.560000000000000275e-01
-3.572000000000000064e+00 2.242999999999999883e+00 9.809999999999999831e-01
-1.963000000000000078e+00 7.540000000000000036e-01 8.569999999999999840e-01
-9.919999999999999929e-01 1.683999999999999941e+00 1.497000000000000108e+00
-6.099999999999999867e-02 2.258000000000000007e+00 4.209999999999999853e-01
6.670000000000000373e-01 1.522999999999999909e+00 -2.149999999999999967e-01
-1.100000000000000006e-01 3.556999999999999940e+00 2.439999999999999947e-01
7.249999999999999778e-01 4.248000000000000220e+00 -7.540000000000000036e-01
2.169000000000000039e+00 4.362000000000000099e+00 -2.560000000000000053e-01
3.061999999999999833e+00 4.738999999999999879e+00 -9.889999999999999902e-01
2.406000000000000139e+00 4.030000000000000249e+00 9.839999999999999858e-01
3.791999999999999815e+00 4.112000000000000099e+00 1.524000000000000021e+00
4.543999999999999595e+00 2.827999999999999847e+00 1.169999999999999929e+00
5.642999999999999794e+00 2.861000000000000210e+00 6.540000000000000258e-01
3.955999999999999961e+00 1.693999999999999950e+00 1.441000000000000059e+00
4.629999999999999893e+00 4.069999999999999729e-01 1.116999999999999993e+00
4.054000000000000270e+00 -1.479999999999999927e-01 -1.880000000000000004e-01
4.778999999999999915e+00 -5.270000000000000240e-01 -1.086999999999999966e+00
2.754999999999999893e+00 -1.960000000000000075e-01 -2.989999999999999880e-01
2.130999999999999783e+00 -7.219999999999999751e-01 -1.546000000000000041e+00
1.879000000000000004e+00 -2.222999999999999865e+00 -1.399999999999999911e+00
2.403999999999999915e+00 -3.024999999999999911e+00 -2.145999999999999908e+00
1.076000000000000068e+00 -2.612000000000000099e+00 -4.470000000000000084e-01
7.910000000000000364e-01 -4.062000000000000277e+00 -2.620000000000000107e-01
-6.919999999999999485e-01 -4.262999999999999901e+00 1.400000000000000029e-02
-1.354000000000000092e+00 -3.411999999999999922e+00 5.739999999999999547e-01
-1.221000000000000085e+00 -5.384999999999999787e+00 -3.830000000000000071e-01
-2.656000000000000139e+00 -5.639999999999999680e+00 -1.570000000000000007e-01
-2.834000000000000075e+00 -6.541999999999999815e+00 1.066000000000000059e+00
-3.906000000000000139e+00 -7.051000000000000156e+00 1.322999999999999954e+00
-1.790000000000000036e+00 -6.743999999999999773e+00 1.820999999999999952e+00
-1.899999999999999911e+00 -7.613000000000000433e+00 3.027000000000000135e+00
-1.366000000000000103e+00 -6.863999999999999879e+00 4.246999999999999886e+00
-9.130000000000000338e-01 -7.520999999999999908e+00 5.169999999999999929e+00
-6.972000000000000419e+00 -2.225000000000000089e+00 3.125999999999999890e+00
-6.649000000000000021e+00 -8.489999999999999769e-01 2.653999999999999915e+00
-5.302999999999999936e+00 -8.609999999999999876e-01 1.927999999999999936e+00
-4.362000000000000099e+00 -1.500999999999999890e+00 2.353000000000000203e+00
-5.205000000000000071e+00 -1.570000000000000007e-01 8.329999999999999627e-01
-3.919999999999999929e+00 -1.280000000000000027e-01 8.000000000000000167e-02
-2.987999999999999989e+00 9.110000000000000320e-01 7.039999999999999591e-01
-3.384999999999999787e+00 2.021999999999999797e+00 9.929999999999999938e-01
-1.750000000000000000e+00 5.580000000000000515e-01 9.130000000000000338e-01
-7.930000000000000382e-01 1.524999999999999911e+00 1.518999999999999906e+00
5.000000000000000278e-02 2.166999999999999815e+00 4.089999999999999747e-01
8.030000000000000471e-01 1.485999999999999988e+00 -2.590000000000000080e-01
-9.500000000000000111e-02 3.459999999999999964e+00 2.459999999999999964e-01
6.510000000000000231e-01 4.211999999999999744e+00 -7.780000000000000249e-01
2.096000000000000085e+00 4.432000000000000384e+00 -3.210000000000000075e-01
2.915000000000000036e+00 4.956000000000000405e+00 -1.048999999999999932e+00
2.415000000000000036e+00 4.025000000000000355e+00 8.770000000000000018e-01
3.806000000000000050e+00 4.200000000000000178e+00 1.381000000000000005e+00
4.647000000000000242e+00 2.995000000000000107e+00 9.569999999999999618e-01
5.727000000000000313e+00 3.134999999999999787e+00 4.189999999999999836e-01
4.155000000000000249e+00 1.808999999999999941e+00 1.193999999999999950e+00
4.918000000000000149e+00 5.909999999999999698e-01 8.010000000000000453e-01
4.238999999999999879e+00 -6.199999999999999956e-02 -4.050000000000000266e-01
4.887999999999999901e+00 -5.070000000000000062e-01 -1.330000000000000071e+00
2.934000000000000163e+00 -1.170000000000000068e-01 -4.030000000000000249e-01
2.210999999999999854e+00 -7.359999999999999876e-01 -1.550000000000000044e+00
1.895999999999999908e+00 -2.198999999999999844e+00 -1.233000000000000096e+00
2.579000000000000181e+00 -3.100000000000000089e+00 -1.679000000000000048e+00
8.659999999999999920e-01 -2.446000000000000174e+00 -4.689999999999999725e-01
5.140000000000000124e-01 -3.854000000000000092e+00 -1.320000000000000062e-01
-9.849999999999999867e-01 -3.967000000000000082e+00 1.120000000000000023e-01
-1.631000000000000005e+00 -3.032000000000000028e+00 5.440000000000000391e-01
-1.546000000000000041e+00 -5.107000000000000206e+00 -1.749999999999999889e-01
-2.995000000000000107e+00 -5.286999999999999922e+00 2.400000000000000050e-02
-3.254999999999999893e+00 -6.004999999999999893e+00 1.350000000000000089e+00
-4.301999999999999602e+00 -5.863000000000000433e+00 1.949000000000000066e+00
-2.307999999999999829e+00 -6.775000000000000355e+00 1.814999999999999947e+00
-2.504000000000000004e+00 -7.500000000000000000e+00 3.101999999999999869e+00
-1.338999999999999968e+00 -7.193999999999999950e+00 4.044999999999999929e+00
-2.949999999999999845e-01 -7.802999999999999936e+00 3.880999999999999783e+00
-6.554000000000000270e+00 -6.540000000000000258e-01 4.429000000000000270e+00
-6.727999999999999758e+00 -1.165000000000000036e+00 3.039000000000000146e+00
-5.376000000000000334e+00 -1.165000000000000036e+00 2.325000000000000178e+00
-4.451999999999999957e+00 -1.846000000000000085e+00 2.725999999999999979e+00
-5.251000000000000334e+00 -4.050000000000000266e-01 1.272000000000000020e+00
-3.958000000000000185e+00 -3.609999999999999876e-01 5.360000000000000320e-01
-3.056000000000000050e+00 7.019999999999999574e-01 1.165000000000000036e+00
-3.524000000000000021e+00 1.657999999999999918e+00 1.750999999999999890e+00
-1.764999999999999902e+00 5.460000000000000409e-01 1.048999999999999932e+00
-8.379999999999999671e-01 1.548999999999999932e+00 1.641999999999999904e+00
7.299999999999999545e-02 2.111000000000000210e+00 5.420000000000000373e-01
8.439999999999999725e-01 1.379999999999999893e+00 -4.700000000000000011e-02
-3.899999999999999994e-02 3.395000000000000018e+00 2.959999999999999853e-01
7.710000000000000187e-01 4.073000000000000398e+00 -7.309999999999999831e-01
2.189000000000000057e+00 4.320000000000000284e+00 -2.079999999999999905e-01
3.072999999999999954e+00 4.711999999999999744e+00 -9.429999999999999494e-01
2.410000000000000142e+00 4.089000000000000412e+00 1.056999999999999940e+00
3.770000000000000018e+00 4.304000000000000270e+00 1.629999999999999893e+00
4.677999999999999936e+00 3.145000000000000018e+00 1.215000000000000080e+00
5.839000000000000412e+00 3.330000000000000071e+00 9.070000000000000284e-01
4.155000000000000249e+00 1.949000000000000066e+00 1.199000000000000066e+00
4.980000000000000426e+00 7.760000000000000231e-01 7.980000000000000426e-01
4.384999999999999787e+00 1.590000000000000024e-01 -4.689999999999999725e-01
5.054000000000000270e+00 5.000000000000000104e-03 -1.471999999999999975e+00
3.129999999999999893e+00 -1.930000000000000049e-01 -4.309999999999999942e-01
2.484999999999999876e+00 -7.970000000000000417e-01 -1.629999999999999893e+00
2.198999999999999844e+00 -2.277000000000000135e+00 -1.368999999999999995e+00
2.975999999999999979e+00 -3.141000000000000014e+00 -1.721999999999999975e+00
1.084999999999999964e+00 -2.576999999999999957e+00 -7.560000000000000053e-01
7.510000000000000009e-01 -4.003000000000000114e+00 -4.779999999999999805e-01
-7.520000000000000018e-01 -4.157000000000000028e+00 -3.079999999999999960e-01
-1.441000000000000059e+00 -3.248000000000000220e+00 1.079999999999999988e-01
-1.264000000000000012e+00 -5.304999999999999716e+00 -6.390000000000000124e-01
-2.714999999999999858e+00 -5.525999999999999801e+00 -5.110000000000000098e-01
-3.011000000000000121e+00 -6.342999999999999972e+00 7.489999999999999991e-01
-3.232000000000000206e+00 -7.535999999999999588e+00 6.879999999999999449e-01
-3.017999999999999794e+00 -5.711000000000000298e+00 1.889999999999999902e+00
-3.302999999999999936e+00 -6.453000000000000291e+00 3.149999999999999911e+00
-3.991000000000000103e+00 -5.520999999999999908e+00 4.147000000000000242e+00
-4.660999999999999588e+00 -4.602999999999999758e+00 3.705000000000000071e+00
